case_id = 6
lam = 0.033333
Pe = 1000
Pe2 = 1000
eps = 0.1
Da = 100
K0 = 1
ny = 50
xpo_l = 0.33333
xpo_r = 0.66667
endT = 10
total_count = 100
coeff_dt = 0.0353553
x_ini_posi = 5
alpha = 0.01
Sc = 16667
