legacy_marker = 1
lam = 0.033333
Pe = 1000
Pe2 = 10
eps = 0.1
Da = 100
K0 = 1
ny = 50
xpo_l = 0.33333
xpo_r = 0.66667
endT = 60
total_count = 100
coeff_dt = 0.1
x_ini_posi = 5
alpha = 0.01
